   1.0000000e+00   1.6417562e+00   1.2473326e+00   5.4640760e-01   1.6609023e+00  -2.3638860e+00   5.0225004e-02   1.0777133e-01  -4.4844633e-01   1.1321215e+00   6.6571330e-01
   2.0000000e+00  -5.6614836e-01   2.2336637e+00  -1.8300564e+00  -1.5124811e+00   1.1555283e+00  -1.2104980e+00   9.8903672e-01   5.4184201e-01  -8.0172794e-01   4.1573148e-01
   2.0000000e+00   3.4586348e-01   1.1698232e+00   9.6832759e-01  -1.9482622e+00  -7.2633373e-01  -2.6597548e-01  -4.3302920e-01   1.1022095e-01   4.5373844e-01  -1.5418576e+00
   2.0000000e+00   2.3912950e-03  -5.0202752e-01   7.0370417e-01   7.4622478e-01   6.8808532e-01   3.1354501e-01  -8.0851675e-01   1.0567395e+00   7.9562172e-01  -5.9988981e-02
   2.0000000e+00  -1.9616645e+00   3.0873098e-02  -1.0379678e+00   7.8850458e-01  -3.0082679e+00  -2.2417780e-01   9.5841927e-01   2.2143690e+00   8.5431940e-02  -7.5672479e-02
   2.0000000e+00   6.9262621e-01  -1.4227185e-01   9.5175345e-01  -2.3807315e-01  -2.1964276e+00   1.3839458e-01  -3.7934389e-01  -5.0053586e-01   2.7624509e-01   2.0795861e-01
   2.0000000e+00   1.2995697e+00   4.4468295e-01  -1.8045314e+00   1.1967406e+00  -6.6721019e-01  -3.3282630e-01  -9.2596416e-01  -7.4704404e-01   5.9959117e-01  -5.2681548e-01
   1.0000000e+00   2.2612661e-01  -1.0838622e+00   6.6434709e-01  -7.2481051e-01  -8.0703757e-01  -2.7753740e-01   3.9120183e-01   1.9719656e-01   1.7147126e+00   1.6828249e-01
   2.0000000e+00   3.9848840e-01   2.2515966e+00   9.2876780e-01   1.2936123e+00  -2.5875246e-01   6.2383760e-01   7.9187287e-01   7.5094607e-01  -2.3184484e-01   9.9314491e-01
   2.0000000e+00   1.9666031e+00   7.0376009e-01  -8.3341997e-01   1.0220435e+00   1.3823114e+00  -2.0958289e-01  -7.5156823e-01  -1.6515522e+00   7.5234987e-01  -9.6567100e-01
   2.0000000e+00   1.2747567e+00   3.0240739e-01  -6.3546493e-01  -6.8479583e-01  -4.0659937e-02  -8.8434058e-01   4.7494840e-01   1.5447502e+00   5.1059477e-01   2.1775100e+00
   2.0000000e+00  -8.4554560e-01  -8.2654519e-01  -7.0355605e-01  -8.3707503e-01   1.0460107e+00   9.9979827e-01  -1.0192201e-01   1.9034558e+00  -9.2835058e-01  -1.7069851e-01
   2.0000000e+00   7.2361911e-01   4.0420685e-01  -8.6278773e-01   1.0686189e+00  -2.1984180e-01   1.1607252e+00   1.3056042e+00  -2.5126238e-01   1.2500623e+00  -4.3082962e-01
   2.0000000e+00  -2.1903754e-01   6.4882944e-01  -1.1365897e+00   2.4308853e+00   7.0755633e-01   7.1577917e-01  -1.6130028e+00  -1.0358941e+00  -1.2573136e+00   1.2773919e+00
   2.0000000e+00   5.8273402e-01  -4.0924166e-01  -5.8008112e-01  -7.4760297e-02   5.3149642e-01   3.6087910e+00  -2.2435233e+00  -4.5404638e-01  -1.4066575e+00  -5.2387965e-01
   1.0000000e+00  -5.3633656e-01  -1.5919479e-02   3.9982622e-01   1.3958062e+00   5.1177278e-01  -7.1636538e-01   5.7994909e-01   7.9927295e-01  -1.0497028e+00   7.7094909e-01
   2.0000000e+00   1.4273063e+00  -1.5142947e+00  -1.3513098e+00   4.9939148e-01   2.2703206e+00   1.4471476e+00   4.3535905e-01  -1.4816530e+00   7.3807150e-01  -1.5880297e+00
   2.0000000e+00  -2.2642810e+00  -7.1475123e-01   1.0074515e-01  -1.6337062e+00   2.8191906e+00  -1.2263262e+00   3.9671487e-01   1.6233043e+00  -1.3456512e-01  -1.5655511e-02
   2.0000000e+00  -9.3010983e-02   1.0231829e-01  -9.6399659e-01  -5.5553179e-01  -2.1892059e-01  -7.8934535e-01   1.4277337e+00  -2.1843565e+00   7.8792334e-01   3.9763590e-03
   2.0000000e+00  -1.2883326e+00  -5.3682029e-01   1.3661239e+00   1.3705836e+00   1.6756881e+00   9.0712077e-01  -3.9740367e-01   3.8201867e-01   6.6913316e-01  -1.6110872e+00
   2.0000000e+00  -1.1725038e-01  -4.9995280e-01   1.0030866e+00   1.7889845e+00  -1.1405697e+00   1.3967205e-01  -1.2382162e-01   9.8952177e-01  -6.5111768e-01   2.4964866e+00
   2.0000000e+00   4.6235921e-01   1.5790125e+00  -7.8232171e-01  -1.0625289e+00  -1.0655818e+00   2.2615974e-01   4.7823610e-02   7.9262312e-02   1.1408590e+00   1.2262805e+00
   2.0000000e+00   1.0622527e+00  -7.3300037e-01  -1.0150949e+00   8.0073802e-02  -1.6582998e+00   1.1477766e+00  -1.3927769e+00  -9.7052372e-01   4.2804612e-01  -1.3542588e+00
   2.0000000e+00   1.3169187e+00   1.4471056e-01  -6.3987301e-01  -6.8937443e-01  -5.2570192e-01  -2.2898940e-01   7.0681026e-01   1.3333269e+00  -8.3443996e-01  -1.0332487e+00
   2.0000000e+00   7.5622398e-02  -6.3184876e-01   1.2974175e-01  -2.0862516e+00   4.9896735e-01  -1.5242507e-01  -5.7964687e-01  -1.6252120e+00   5.4321044e-01  -5.2169941e-01
   1.0000000e+00  -2.0735155e+00   8.7567594e-02   5.0498967e-01  -1.0479763e+00   1.0117106e+00  -5.9092124e-01  -2.3371415e-01  -9.5530400e-01   2.8803122e-02   4.3430231e-01
   2.0000000e+00   7.0930575e-01  -1.4150544e+00  -8.6387190e-01  -5.1205518e-01   3.7808366e-01   1.3081448e+00  -3.3599994e-01  -1.4611938e-01   9.7661784e-01  -2.6482723e-01
   2.0000000e+00  -3.2391865e-01  -2.4776816e+00  -2.6884797e-01  -2.0025144e-01   7.6810692e-01   5.2322997e-01   1.3576414e+00  -5.5433146e-01   3.1589536e-02   1.1815229e+00
   2.0000000e+00   5.2649981e-01   2.7576028e+00   2.6577436e-01   4.1489416e-01   8.6952409e-01  -1.4478813e+00  -1.1478635e+00  -2.8167256e-01   1.2033949e+00  -2.0198933e-01
   2.0000000e+00   4.4660105e-01  -7.3821082e-01   6.9028114e-01   1.9804433e+00   5.8353323e-01   4.5921264e-01   2.6445555e-01   1.3333025e+00  -5.7988848e-01  -3.8835286e-02
   2.0000000e+00   6.7157990e-01   3.0633156e-02  -1.5670770e+00  -8.2962764e-02   4.6539194e-02   3.9528832e-02  -8.6195294e-01  -4.5865617e-01   2.4153341e-01   7.8951147e-01
   1.0000000e+00   2.7079664e-01   1.3401719e+00   2.8213284e-01   4.1072593e-01  -3.8167547e-01   2.4905219e-01  -1.7118815e+00   2.2687820e-01   1.1761440e-01   3.0621836e-01
   2.0000000e+00  -4.4570754e-01   2.2355028e-02  -6.9035427e-01  -1.2967914e+00   2.0797389e+00   3.1460047e-01   5.3017360e-02   4.2563059e-03   4.3974441e-01  -5.3826128e-01
   2.0000000e+00  -4.6014381e-01  -4.2302683e-01   7.9651822e-01  -2.4317058e+00  -6.0386840e-02  -3.9211116e-01   6.9825476e-01   4.0098347e-01   1.0003388e+00  -6.4060700e-01
   2.0000000e+00   1.9983651e+00  -5.4269846e-02  -1.0491529e+00  -1.3045844e+00   8.2787543e-01   1.5569688e+00  -6.4112746e-01   1.0533579e+00  -1.0335788e+00   3.0956880e-01
   2.0000000e+00  -1.9563050e+00  -1.1142019e+00  -4.9355980e-01   2.7856579e-01  -1.8909131e+00  -1.1241594e+00   2.1638071e-01  -7.9688278e-02  -1.0090729e+00   1.3331893e+00
   2.0000000e+00  -3.5206184e-01   1.4186414e+00   1.1552416e+00   2.8626225e-01  -2.3785213e+00  -4.0915155e-01  -5.8280485e-01  -1.3812058e+00   1.3954039e+00  -2.4360299e-01
   2.0000000e+00  -5.0147530e-01  -8.1654539e-01   7.8769730e-01  -4.3670538e-01   7.8885084e-01  -3.0199870e-01  -6.5212543e-01  -3.9170066e-01   8.7607024e-01  -1.4754564e-01
   2.0000000e+00   2.1207003e-01   5.6215657e-02   1.3219580e-01   1.1741761e+00  -9.1569693e-01   1.9120243e+00   1.8256039e-01   8.5150641e-01   2.2274477e+00   2.3426913e+00
   1.0000000e+00   2.0416797e-01  -4.7913285e-01  -1.0996909e-02   9.0641032e-01   1.0528265e+00   1.2552028e+00  -9.5914620e-01   3.7641789e-01   1.6819282e+00   4.5214408e-01
   2.0000000e+00   1.8660753e+00   5.1639735e-01  -9.4151326e-01  -2.8258572e-01   1.6096104e+00  -2.8097838e-01  -1.3725858e+00  -1.1569665e+00  -2.3223804e-02  -9.5548271e-01
   2.0000000e+00  -6.8531105e-01  -9.9343924e-01   7.0011260e-01   9.2408686e-01  -1.7614406e+00   1.4129468e+00   3.7182893e-01  -6.0946976e-01  -3.8886322e-01  -2.5360934e-01
   2.0000000e+00   2.5406016e-01   8.3547062e-01  -7.4975241e-02   2.2953967e-01   1.8260807e+00   1.4380092e+00  -5.1156412e-01  -3.0882830e-01  -5.4414705e-01  -9.2388278e-01
   2.0000000e+00   3.5839920e-01  -2.1156534e+00   1.7425885e+00  -2.7586234e+00   7.0161970e-01   3.3736918e-02   5.5189719e-01   3.3680231e-02  -1.4307265e+00  -4.8643079e-01
   2.0000000e+00  -1.4880676e+00  -3.3536185e-01  -1.4229970e-01  -1.8388496e+00   6.5000034e-01  -8.3607353e-01  -2.1382196e+00  -9.6763379e-01   2.9265191e-01  -1.0974851e+00
   1.0000000e+00  -2.4713179e-01   2.5458768e+00  -6.5449746e-01   6.9822868e-01  -2.2692290e-01   3.6312040e-01   3.1514632e-01  -6.1010050e-01  -9.9053714e-01   2.6677221e-03
   1.0000000e+00   1.5730617e-01  -1.0973146e+00  -3.7889776e-01   4.1017498e-01  -3.7681879e-02  -1.4338278e+00  -1.6273243e+00   1.1614984e+00  -9.2132532e-01   2.0982784e-01
   2.0000000e+00  -1.1174572e+00   6.2192226e-01   9.5792231e-02   1.9885933e+00  -5.2564070e-01   1.1997534e+00   1.2034153e+00  -8.2420344e-01   2.0331277e+00   5.1501974e-02
   2.0000000e+00  -1.0553105e+00  -7.4344636e-01  -1.2519467e+00  -2.6063140e-01  -2.7832032e-01  -7.0261807e-01  -1.2291216e+00   6.0710366e-01   3.1737816e-02   1.4501721e-01
   2.0000000e+00  -1.0068564e+00  -3.0377160e-01   9.9597705e-01  -1.2862689e+00   6.5110469e-01   1.3124297e+00   1.8370185e-01   1.7672346e-02   1.0494997e+00  -2.0607472e+00
   2.0000000e+00  -4.6602391e-01  -4.1388441e-01  -2.5006211e+00  -6.7969559e-01  -1.0812516e-01   9.6211908e-01   4.6602865e-01  -4.8725941e-03  -3.0857855e-01   6.6435288e-01
   2.0000000e+00   5.3796669e-01   8.7484986e-01   6.1244564e-01  -9.2097423e-01   3.1167605e-01   2.3968267e+00   6.2320979e-01  -5.2280338e-01   1.8209694e+00   9.2130101e-01
   2.0000000e+00  -1.1840181e+00  -3.9846359e-01   3.8939797e-01  -1.1293256e+00   1.1534939e-01   9.2250226e-02   7.3909348e-01  -1.3899616e+00   8.7148852e-01   8.8019701e-01
   2.0000000e+00   3.9017466e-01  -1.9219105e+00   2.1557747e+00  -1.1479499e+00  -8.7763328e-01  -1.7246526e-01   4.8417280e-01  -1.5478196e-01   1.5213059e+00   4.8485570e-01
   1.0000000e+00   4.8923633e-01  -1.0785940e+00   4.5226186e-01  -1.5771599e+00   1.2071439e-01  -3.2793494e-01   2.3223641e-01   2.8663379e-01  -8.6941101e-01   4.3574771e-01
   1.0000000e+00  -8.8213020e-01   1.7214708e+00   8.8086113e-03   2.1193016e-01  -1.6560969e+00  -1.7978367e-01  -5.2955286e-01  -2.2733272e-01  -1.0968538e+00   6.2554351e-01
   2.0000000e+00   3.2968912e-01   1.3168450e+00  -2.1345513e-01   4.1206068e-01  -1.3708940e+00   1.7188807e+00  -9.3971332e-01   3.1880983e-01  -9.8015256e-02  -1.3308958e-01
   2.0000000e+00   5.6296017e-01   3.7704436e-01  -4.1420671e-02   9.7167907e-01   2.1723732e-01   2.0839088e-01  -1.7867467e+00   1.0747013e+00   1.6788319e-02  -8.0627701e-01
   2.0000000e+00   1.5129540e+00   1.8049650e+00   1.0636386e-02  -4.2779403e-01  -8.8827726e-01  -1.4562800e-01   4.9121949e-01   1.8633180e-01   2.8987815e-01  -6.4271619e-01
   2.0000000e+00  -1.7533203e+00  -1.3940319e-01  -1.1989516e+00   1.5604331e+00  -1.0155685e-01  -1.2480037e+00  -1.3857448e+00   1.3924775e+00   1.0512273e+00   7.5186235e-01
   1.0000000e+00  -2.2188360e-01   1.3454364e+00   8.4672914e-01  -8.3027581e-01  -3.6435644e-01  -1.7630797e+00   2.4356886e-01  -6.1530961e-01  -6.0629778e-01   1.1118721e-01
   2.0000000e+00  -1.1928824e+00  -1.5635939e+00   9.3396640e-01   1.3432539e+00   1.5065652e-01   1.5842060e+00   2.0780653e+00   1.4004655e+00  -5.9353151e-01  -1.5806857e+00
   2.0000000e+00   8.7285099e-01  -9.9459497e-01   1.0681710e+00   6.2207904e-01  -1.7185479e+00   4.0826679e-02   5.4533106e-01   1.7659611e+00  -6.4369879e-01  -1.6902006e+00
   2.0000000e+00  -2.0667517e+00   2.8738659e-02   1.1515717e-02   6.3134600e-01  -1.0438655e+00   8.2371543e-01   9.0555408e-01  -7.5920936e-01   1.0306358e+00  -5.5594120e-01
   2.0000000e+00  -8.5670212e-01  -9.0612873e-01   1.1096646e-01  -1.4963006e+00  -4.8647919e-01  -3.5469734e-01  -1.0490287e+00   9.9062992e-01   1.1362763e+00  -9.2267818e-02
   2.0000000e+00  -9.9521371e-01   2.6002810e-02  -1.9549062e-01  -2.0104307e-01   1.0385965e+00  -2.0351047e-01  -8.2904810e-01   1.3718662e+00   1.5203834e+00  -6.8466167e-01
   2.0000000e+00   8.5673545e-01  -4.4877803e-01   1.5791490e+00  -5.8277094e-01   1.1280734e+00   8.2694545e-01  -1.2250358e+00   3.0439923e-01   1.9625021e-01  -1.2829419e+00
   2.0000000e+00  -8.6608919e-01  -7.3371853e-01  -6.7010665e-01   6.7678211e-01   4.1264518e-01   2.9582861e-01   1.2836236e-01  -1.8277947e+00   1.5069152e-01  -4.3648725e-01
   2.0000000e+00   1.9288923e-01  -1.7257710e-01  -6.5136364e-01   1.8358578e+00   1.8739496e-01  -1.7582086e-01   8.7266201e-01  -3.9535740e-01   2.5988962e-01  -2.2184815e-01
   2.0000000e+00   6.5664063e-01  -2.7869013e-01  -1.9043963e+00   4.8944792e-01   8.4083908e-01   4.6088117e-01  -5.2831939e-01  -2.3046401e-01  -9.9660217e-01   1.4152045e-01
   2.0000000e+00  -1.4736584e-01  -8.1151442e-01   6.6921143e-01  -4.8030726e-01  -2.1017484e-01  -7.8330474e-01   9.9267247e-02   2.7949089e-01  -7.6042492e-01  -1.0030274e-01
   2.0000000e+00  -2.0268966e+00   1.2067682e-01   2.5319060e-01  -7.3846380e-01   8.7361892e-01   5.9600214e-02   1.9780965e-02   1.1494186e-02   6.0049468e-01  -1.2803883e+00
   2.0000000e+00  -4.1347468e-01  -9.7048075e-01   4.2030842e-01  -8.1607962e-01  -1.2375758e+00  -6.5069597e-01  -3.1721372e-01   1.2771997e+00  -1.0112716e+00  -7.9205171e-01
   1.0000000e+00   1.2527930e+00   3.3425884e-01   1.4917954e-01  -2.5185217e-01  -1.2229135e-01  -3.6657781e-01  -4.2254596e-01   6.5827510e-01  -1.0639230e+00   3.5941411e-01
   2.0000000e+00   8.8911448e-01   9.9335234e-02  -2.5482822e-01  -6.3145828e-01   8.9205559e-01   8.9383903e-01  -7.8931304e-01  -4.7688455e-01  -2.6102058e-01  -6.8145351e-01
   1.0000000e+00  -1.0280129e+00   1.9720502e+00  -1.0524191e-01  -4.5706668e-01   1.0961554e+00  -1.1207239e+00   3.8504662e-01   9.1438114e-01  -4.5118123e-01   8.5906026e-01
   2.0000000e+00   9.7103185e-02  -1.1920894e-03  -2.1253401e-01   1.3229782e-01  -1.6948009e+00   8.7625124e-01  -1.5337095e-01  -1.5627272e+00   1.5131364e-01  -4.7020833e-01
   2.0000000e+00  -1.0018936e+00   1.4500160e+00  -4.0563965e-01  -1.1340051e+00   8.1462861e-02  -1.4933827e+00   1.6638337e+00  -6.5800362e-01  -8.3291386e-02  -6.3400565e-01
   2.0000000e+00   1.9496533e-01   1.1930779e+00  -7.7085943e-02   6.5888566e-01  -1.6193432e+00  -1.2980480e+00   2.9286462e-01   1.3172317e+00   1.4190520e+00  -1.7854696e+00
   2.0000000e+00   1.7309939e+00   3.3741618e-01  -7.6132519e-01  -1.7099543e-01   3.7856466e-01   1.1974060e+00  -1.4552289e+00  -4.4972861e-01   6.1145870e-02   4.8622669e-01
   1.0000000e+00   5.2214529e-01  -1.6915697e+00  -2.2622457e-01   1.2218443e+00  -1.1030687e+00   7.7384801e-01  -1.1790509e+00   1.1740498e-01   8.8156163e-01   7.0194348e-01
   2.0000000e+00  -4.7497597e-01  -1.2491245e+00   1.5321968e+00   1.3575276e+00  -1.3191126e-02  -1.0473767e+00  -1.2634419e+00   4.5701669e-01  -1.4013744e+00   7.5346516e-01
   2.0000000e+00   5.8570982e-01   1.3709856e+00   1.2520993e+00   6.8462974e-02   6.3867351e-01  -1.1269602e+00   5.0686744e-01   4.5444931e-01  -3.7374477e-01   1.7992787e+00
   2.0000000e+00   5.1632374e-01   4.8537194e-01  -4.2239193e-01  -4.4527288e-01   1.1878693e+00  -1.1101131e+00   1.7104345e-01  -1.1422047e+00  -2.5797608e-01  -9.4975094e-01
   1.0000000e+00   2.1621148e+00  -1.6076102e+00   4.9380409e-01  -5.3528293e-01  -5.2788762e-01  -3.8514868e-01  -8.4431706e-01   4.6095909e-01  -2.4546802e-01   4.2747741e-01
   2.0000000e+00  -1.1728344e+00  -4.1542106e-02   8.4302164e-01  -6.2885893e-01  -2.0190522e+00   3.8127183e-01   7.8376193e-02  -1.1976804e+00  -9.5809618e-01  -1.1678256e+00
   2.0000000e+00   8.9585585e-01  -9.3473721e-02   1.2232292e+00   4.3671778e-01   1.7093198e-01   1.4239621e+00   1.3691018e+00   2.7657632e+00   5.3880925e-01  -1.4018395e+00
   2.0000000e+00  -3.8197386e-01  -3.6806746e-01  -5.7914680e-01  -7.0174125e-01   1.5531837e+00   1.0617347e+00   1.3838456e+00  -5.6334357e-01   2.0796782e-01  -2.3280345e-01
   2.0000000e+00  -1.2052087e+00  -2.1219431e+00  -8.8519840e-01  -1.3547129e+00  -1.7114085e+00   1.8696888e+00   2.5947976e-01   8.0070357e-01   5.6548912e-02  -2.9563400e-01
   2.0000000e+00  -1.1633981e+00   1.8216589e+00   2.0205438e-01   7.7728749e-01   1.8920754e+00   2.5309225e-01  -2.9132360e-01   5.5302658e-02  -8.7215238e-01  -4.4289371e-01
   2.0000000e+00   1.8457647e+00   1.5755179e-01  -8.6017130e-01  -9.6098746e-01  -7.1917957e-01  -1.2001332e+00  -2.3042526e-01   6.2794348e-01   1.9325972e-01  -6.6458165e-02
   2.0000000e+00  -1.6838026e+00   4.3230429e-01   9.1591915e-01  -6.3977164e-01   1.7465617e-02   1.1417374e+00  -7.1242382e-01  -5.3690854e-01   4.0744500e-01   3.9872593e-02
   1.0000000e+00  -3.5154717e-01  -1.2532179e+00   6.2211965e-03  -1.1992277e-01  -7.0210869e-01   1.1767842e+00  -5.2000582e-01  -9.5166402e-02  -8.0307970e-01   6.9309959e-01
   2.0000000e+00  -4.7395721e-01   3.5127628e-01   5.5531630e-01  -3.4822443e-02  -1.1135437e+00   3.6028063e-01  -9.6195732e-01   3.8527363e-01  -4.4492610e-01  -2.5353434e-01
   2.0000000e+00   1.2180365e+00  -4.5863082e-01  -9.5701097e-01  -3.2698718e-01  -1.1496538e-01  -1.1710882e-01   5.8843786e-01   1.7206804e-01   7.9320205e-01  -5.2520500e-01
   2.0000000e+00   5.1691521e-01  -8.7158239e-01   1.2944615e+00  -3.2613134e-01   5.1366725e-01   1.1818416e+00  -1.4261533e+00  -2.3351926e-01  -3.2241300e-01   2.4060172e+00
   2.0000000e+00   1.7507308e+00   2.6601172e-01  -1.1678991e+00  -7.9818220e-01   1.3970736e+00  -9.1149302e-02  -5.2088709e-01   2.3641418e+00  -1.0124478e-01  -2.1181647e-01
   2.0000000e+00  -8.5869085e-01  -5.7052449e-01   1.0290466e+00   5.2981487e-01  -1.0741813e+00   2.4220045e-01   1.5734111e-01  -7.8082382e-02   2.5153493e-01   1.6947945e+00
   2.0000000e+00  -5.5641781e-02  -6.9845635e-01  -4.6451180e-01  -7.0644889e-01  -4.6397855e-01  -1.7491567e+00   1.5276785e-01   9.9933688e-01  -1.7400937e-01   9.0082342e-01
   2.0000000e+00  -1.1267366e+00   4.9560866e-01   2.6975216e-01   8.3194254e-01  -8.8301712e-01   4.2302354e-01   4.9231316e-01  -7.9850967e-03  -5.4970027e-01  -9.6408867e-01
